 4
 12  0  0  0 15  0  0  7  3  0  0  0  2  0  8 11
  0  8 13  0  0  0 11  0  7  0  5  0  6  0  0 15
  0  0  0  0  0  0  0  8  0  0 10  0  0  5  9  0
  0  9 10  0  0  0  0  0  0  0  0  4  3 13  1  0
  0  5  0  0  4  0  3  0 13  0  9 12  0  0  0  0
  0 11  0  0  0  0 13  0  0  0 15  0  0  0  0  0
  0  0  0  4 11  0  0 12  0  0  0  6  0  0  0  0
  0  0 16  1  6  2  9  0  0  0  4  8  0  3 14 13
 14  0  3  0  0 16  6  0  0  0  0  0  4  0  0  8
  0  0  0  0  0  0  0  0  0  1  0  0  0  6  0  3
  0  0  5 15  2  7  0  0 16  0  0  0  9  0 11  0
  0  0  0  7  0  5  0  4  0  8  0 13 14 12  0 16
  0  4  0  0  0  0  0  0  0  0  0  0  0  0  0  0
  2  3 12  0  7  0  1  0 11  0  0  0  0  0  0  0
 16  1  0 13  9  0  0  0  4  0  6  0  0  0  2  0
  9 14 15  0  5  0  8  6  0  2  1  0 13 11  0  0
